1000 9903
7 585
177 616
902 10
444 7
575 144
405 616
726 260
553 946
367 814
649 359
336 166
501 628
817 681
468 611
604 599
901 25
725 952
636 96
105 760
289 481
365 182
212 877
991 134
943 355
835 426
986 770
844 420
701 301
259 358
737 861
226 911
133 321
652 759
815 293
800 66
29 400
330 945
347 885
499 794
618 554
924 483
765 791
605 546
978 673
880 495
921 611
863 590
740 587
120 596
875 292
781 8
966 12
775 388
984 347
548 741
425 607
697 864
918 205
41 527
261 838
79 195
337 480
913 579
309 586
680 338
185 596
846 355
41 664
667 636
724 891
764 696
824 893
721 651
849 478
78 56
851 376
391 997
395 494
180 584
56 598
399 494
113 603
537 9
152 41
651 49
779 68
893 126
241 511
756 298
870 278
752 973
142 969
846 223
519 143
725 918
906 208
356 111
307 940
379 198
879 157
807 144
242 114
213 339
964 509
109 482
321 242
512 958
221 857
57 808
688 582
798 655
51 262
768 430
401 203
790 815
809 541
541 183
834 163
448 362
247 154
126 857
94 251
995 76
728 337
127 369
353 284
942 692
624 945
308 556
936 269
499 615
724 372
834 500
692 970
896 907
951 687
572 288
535 428
370 968
279 210
28 466
88 381
841 257
663 72
575 780
64 486
267 315
585 772
736 424
790 181
23 862
724 185
136 930
269 762
953 665
145 564
534 78
735 603
10 506
103 285
968 378
931 78
948 944
571 183
941 89
10 333
125 406
741 726
660 391
582 437
434 52
243 87
465 49
837 297
524 188
399 450
21 444
691 363
279 884
319 187
896 132
399 371
354 730
688 38
245 783
146 686
890 875
712 315
742 587
198 757
950 644
240 443
631 321
172 764
832 467
322 177
972 91
668 380
248 773
982 388
288 112
246 101
296 198
807 875
996 385
809 835
368 61
8 254
264 328
972 442
409 663
558 561
981 182
31 595
602 701
966 170
930 884
614 760
761 276
84 47
348 423
72 751
324 262
75 996
836 721
66 737
178 487
164 86
239 754
975 174
628 706
19 922
495 981
760 314
176 795
175 551
201 184
42 892
22 446
617 736
562 368
210 201
729 865
167 693
918 983
8 770
815 859
686 371
841 447
51 996
582 448
849 183
30 6
494 83
901 753
133 775
47 705
817 418
132 449
902 229
25 567
627 467
446 161
11 452
234 647
697 229
260 301
446 48
130 849
674 894
144 669
397 709
90 361
329 663
536 835
248 801
100 770
563 426
657 977
397 342
769 963
75 68
293 389
403 701
703 334
142 218
553 273
116 601
902 688
784 619
88 104
707 22
587 126
737 589
511 942
443 710
210 583
66 547
736 471
782 917
17 237
862 71
59 406
131 101
151 126
370 875
606 72
442 389
154 49
541 675
301 446
913 836
842 98
644 700
168 141
22 120
334 318
106 185
257 427
645 790
334 425
249 727
547 280
106 200
487 373
435 806
385 13
975 416
638 170
451 284
604 462
532 157
177 316
713 322
785 701
419 459
93 736
149 190
112 480
600 716
729 1000
551 567
110 349
497 936
650 452
300 333
339 164
447 14
855 413
488 53
494 111
890 816
817 462
102 592
765 496
488 68
180 314
611 620
863 519
694 644
960 814
9 182
906 140
858 133
474 138
902 848
81 356
682 230
422 53
388 109
762 584
389 820
263 799
271 216
934 464
477 539
459 48
833 227
446 270
703 131
203 55
187 938
313 603
978 883
995 83
619 623
804 523
806 184
364 2
75 241
244 728
631 988
388 274
100 516
402 498
421 342
555 984
616 570
355 430
726 675
622 624
970 241
348 701
421 295
253 632
715 271
599 633
685 427
596 250
482 934
306 376
201 22
395 326
451 474
468 484
309 984
715 621
681 685
844 847
719 109
334 389
139 169
747 156
231 775
144 257
829 49
338 746
12 264
159 203
841 928
552 301
630 463
98 843
101 376
229 435
641 457
675 3
147 497
55 648
93 629
205 27
778 181
561 771
409 558
673 841
159 638
146 587
812 404
965 256
281 740
254 651
479 866
725 518
214 245
731 413
560 193
608 147
845 429
223 361
649 386
360 684
156 182
378 258
730 95
342 169
493 979
522 867
7 745
430 707
284 129
570 814
70 758
221 634
900 75
743 725
155 404
265 756
269 164
491 476
164 462
537 876
710 305
605 517
57 747
956 977
577 492
960 404
724 373
249 83
966 222
774 941
376 330
230 677
235 953
608 629
145 265
700 93
685 399
943 811
840 584
934 666
115 980
686 11
283 564
358 72
13 355
16 137
568 934
241 862
797 791
68 181
152 445
295 462
885 282
906 689
10 330
871 795
675 116
127 635
590 833
421 271
336 660
232 453
215 132
612 537
461 4
615 359
546 362
383 803
208 237
834 593
797 347
259 852
479 817
356 12
765 440
52 261
590 317
775 405
349 888
985 709
416 216
863 748
599 166
845 290
811 478
152 625
85 157
123 454
86 206
344 281
823 565
437 528
477 579
539 456
94 703
333 927
905 230
228 4
36 582
695 913
100 589
934 791
714 961
678 108
956 774
773 840
891 827
749 313
952 312
155 158
598 422
364 360
718 683
314 565
350 303
676 167
785 148
680 126
98 766
168 146
956 219
653 149
178 375
714 389
165 587
849 746
921 229
889 153
887 866
339 184
352 61
480 482
283 897
369 592
110 612
361 352
258 705
706 88
266 244
381 47
883 213
405 783
297 910
631 344
306 836
751 330
275 751
572 623
846 122
725 875
617 914
980 772
485 162
679 998
90 818
114 140
849 199
794 576
12 645
772 611
934 364
441 949
996 129
402 21
377 823
263 532
638 730
933 688
521 310
908 452
748 753
398 436
151 580
227 162
228 329
674 895
900 241
416 83
437 707
866 471
8 445
117 24
854 124
679 323
352 960
591 919
517 194
543 784
210 61
415 625
531 184
253 222
271 509
95 153
35 51
291 481
143 567
274 322
113 490
193 306
876 17
472 375
896 478
992 638
645 482
819 403
698 704
883 708
404 587
460 895
814 154
211 67
107 498
292 128
25 267
188 849
754 934
340 763
132 979
380 687
91 292
879 711
499 11
868 428
26 709
73 738
385 302
79 444
7 179
569 642
237 532
916 145
681 780
445 711
634 820
357 395
474 105
276 167
647 496
704 810
357 284
592 843
940 269
981 727
449 302
964 411
90 40
312 98
591 676
593 518
812 727
850 542
543 577
982 227
875 441
180 89
165 395
440 134
702 226
523 541
215 609
476 807
916 580
611 292
613 670
852 570
299 714
528 784
1 944
881 222
537 848
740 279
354 182
762 811
356 536
251 290
35 753
17 430
753 996
421 452
792 744
722 921
190 643
191 686
711 39
341 589
515 712
554 878
238 655
151 44
779 847
688 920
731 794
588 641
727 994
31 955
255 413
182 573
757 135
334 744
316 435
338 279
306 377
666 489
80 918
361 351
912 89
681 684
461 59
135 717
749 837
390 160
20 669
77 30
332 735
828 308
79 370
673 765
67 666
408 651
841 935
850 47
23 651
788 265
741 343
98 827
559 922
127 87
802 189
106 350
685 784
372 573
979 527
262 917
604 864
699 924
375 799
871 698
125 820
53 23
699 525
740 247
947 567
485 476
214 10
15 463
242 46
152 743
294 13
756 1000
503 153
373 222
401 201
184 167
810 39
691 728
52 870
754 328
965 618
326 412
347 851
792 708
942 698
653 829
895 894
382 903
169 480
745 701
50 421
184 739
919 79
957 504
814 355
942 404
240 650
417 648
281 843
936 188
274 831
738 376
477 196
728 830
720 894
701 725
723 5
762 485
232 552
876 541
114 426
383 639
166 979
689 6
589 549
382 317
755 773
537 122
665 45
741 762
565 957
796 606
647 26
315 725
542 884
817 299
121 678
33 260
966 980
954 900
134 250
926 102
638 812
17 776
256 148
4 530
643 683
656 917
619 762
128 350
941 237
472 945
199 326
476 969
807 7
384 615
605 37
276 957
69 854
360 870
514 997
125 570
591 781
117 634
8 386
279 545
307 142
74 655
511 854
793 939
902 571
338 776
155 450
85 13
913 274
553 315
351 206
799 826
156 808
675 872
213 169
532 563
537 847
494 834
981 180
860 850
535 349
705 178
87 934
342 846
719 401
630 116
715 954
663 110
315 196
528 435
379 905
838 144
127 939
572 36
774 680
315 53
558 243
611 765
49 481
484 622
309 543
127 824
129 393
884 997
561 398
656 422
324 60
876 513
328 55
52 874
755 880
404 244
558 461
281 359
319 507
139 65
965 309
208 428
211 536
101 370
626 590
26 798
168 894
632 195
595 825
546 143
492 643
369 328
544 916
985 518
234 626
509 684
517 943
82 574
557 100
431 721
547 664
548 679
609 951
595 644
264 810
651 694
375 116
986 11
294 250
995 347
668 467
925 444
673 451
713 962
117 338
866 468
4 955
208 530
596 701
407 302
544 336
318 717
473 150
422 545
493 811
460 670
558 736
821 526
236 98
259 45
174 856
156 675
140 280
308 998
383 98
114 789
944 876
905 588
106 901
453 112
274 613
918 474
645 626
278 101
795 397
687 139
219 127
309 849
625 624
787 737
183 952
512 282
867 527
444 452
286 419
549 359
220 163
554 719
349 449
408 301
31 117
642 58
989 145
497 755
463 214
819 590
876 613
812 253
394 638
300 41
232 399
310 246
777 739
894 272
935 342
183 493
665 406
43 358
391 672
508 42
115 376
656 601
655 996
218 115
660 14
717 107
21 724
678 538
722 451
65 972
114 848
375 171
690 805
33 46
186 516
261 86
248 290
273 648
958 73
942 850
776 504
532 294
4 927
458 722
632 778
970 394
381 969
243 792
796 2
425 427
1000 765
654 96
211 807
658 31
108 490
695 984
288 408
2 394
916 778
922 715
1000 554
32 925
568 319
917 980
311 293
442 564
98 402
999 888
184 695
223 280
103 20
303 694
73 65
684 615
650 979
49 472
893 567
555 978
305 135
36 305
79 381
28 909
215 269
608 919
958 719
470 933
368 795
42 596
833 871
872 667
428 361
690 532
162 93
920 49
59 719
354 821
560 104
678 793
724 715
656 539
492 715
574 537
946 992
341 922
413 509
289 55
613 78
150 964
823 133
69 992
643 785
578 389
826 505
243 553
744 2
158 450
913 611
498 937
118 454
749 160
473 93
687 704
28 105
640 619
437 939
924 83
856 265
654 124
32 219
142 144
680 727
662 603
627 922
97 955
459 828
705 36
282 524
796 149
14 154
340 9
289 425
886 20
522 223
136 760
377 4
782 851
822 780
383 58
408 728
293 481
853 710
140 183
509 496
199 596
130 125
598 634
782 621
883 556
847 393
408 502
706 987
158 678
984 681
144 464
953 670
343 314
771 781
292 959
187 195
154 952
637 327
250 801
931 192
650 696
581 975
48 26
160 676
896 232
628 173
483 598
565 700
877 634
270 600
271 769
807 339
176 5
177 548
399 237
169 724
766 110
86 883
142 641
15 445
368 628
65 948
308 88
754 56
124 736
117 968
264 926
397 734
790 863
902 500
344 283
74 652
402 135
132 44
541 152
467 471
982 266
549 701
142 253
41 494
481 759
781 282
801 420
688 978
283 327
187 32
36 949
734 36
102 434
28 561
936 10
225 69
597 741
571 502
2 7
519 622
923 437
525 473
512 984
710 991
15 831
948 992
385 38
41 580
962 824
656 423
515 364
510 256
760 27
375 642
232 404
893 961
289 691
16 917
452 496
777 710
996 478
997 867
390 83
488 845
620 654
487 897
110 324
572 617
702 648
24 47
890 936
281 384
444 980
566 21
506 945
694 60
792 52
765 489
824 389
265 229
746 470
481 919
402 950
172 588
945 561
34 685
570 971
384 580
740 31
388 116
501 525
484 733
216 403
818 6
809 642
117 605
423 946
778 655
573 979
394 466
458 323
810 252
539 470
999 736
138 689
598 230
122 39
860 609
820 292
575 530
500 408
407 124
815 99
943 30
583 7
17 226
701 88
5 252
199 655
689 897
343 576
843 440
280 586
746 709
139 305
839 588
613 946
742 281
343 678
913 603
127 735
721 530
386 509
153 30
462 16
779 382
374 812
413 980
291 424
220 450
461 1000
244 456
923 703
283 796
513 191
864 213
467 735
596 830
247 841
380 911
823 783
612 546
629 588
722 158
135 265
690 960
101 519
837 639
180 662
417 108
842 775
238 388
976 797
258 884
977 116
520 634
890 831
233 772
731 5
968 881
697 149
347 284
864 930
226 583
651 464
190 250
707 44
690 802
547 695
626 164
589 48
105 595
103 968
736 291
53 228
872 139
411 793
910 493
90 328
695 821
661 645
60 544
761 661
616 240
448 258
467 542
798 550
469 244
991 19
403 730
98 222
705 942
355 245
230 963
265 733
140 479
195 924
661 871
804 645
677 145
633 685
618 148
644 893
260 614
884 113
875 169
639 208
487 39
802 644
335 192
31 219
349 292
707 686
944 332
871 99
803 131
490 138
550 956
336 338
56 747
625 974
702 870
854 941
177 349
430 633
465 487
128 167
737 357
42 597
559 932
177 686
619 258
181 174
366 234
737 470
738 777
685 782
341 418
983 105
87 20
578 581
959 448
670 13
547 706
436 899
478 974
958 776
65 943
321 325
178 710
30 383
454 539
826 390
699 636
740 64
116 730
671 229
946 707
431 377
360 373
18 174
660 769
19 123
178 552
783 69
476 773
293 457
331 10
170 388
639 688
341 477
415 954
821 931
915 290
847 935
99 135
303 17
994 424
626 809
814 391
800 209
285 825
982 713
883 864
165 993
207 346
951 683
74 45
853 709
782 707
629 430
421 681
25 336
905 788
286 617
306 283
435 581
185 666
379 860
896 604
552 494
996 720
213 969
121 473
783 477
552 381
590 725
779 390
340 940
569 990
732 126
110 574
112 771
591 181
629 994
98 874
450 387
802 876
729 948
498 439
648 368
564 726
42 728
208 224
337 908
216 747
570 210
612 324
299 72
121 902
237 252
312 173
241 249
498 232
544 616
433 943
49 421
712 398
142 817
694 738
754 57
648 918
905 9
191 300
319 891
13 572
502 402
777 780
643 669
437 748
693 133
859 463
783 681
991 218
773 915
653 637
691 310
449 167
807 756
114 525
230 907
262 793
588 997
18 472
602 697
66 567
108 66
832 142
904 779
652 409
745 780
850 423
784 944
433 166
966 72
370 628
431 665
940 563
79 97
830 747
173 156
747 59
984 279
182 362
330 393
847 108
741 937
524 897
603 920
250 608
824 987
235 508
932 430
366 614
2 951
98 556
374 961
604 486
895 289
49 685
435 895
699 26
666 193
262 252
33 708
107 599
365 64
556 272
813 255
686 375
428 163
600 756
86 579
548 380
676 649
570 404
73 596
242 837
225 625
560 528
401 698
203 626
845 699
204 265
684 3
778 72
446 218
195 461
162 245
437 445
742 920
220 978
830 271
484 847
69 935
621 378
837 845
531 878
843 640
980 370
833 362
389 220
740 454
436 153
39 268
652 889
661 612
981 899
783 189
962 322
80 466
317 27
85 47
748 801
716 199
772 49
333 785
197 851
539 247
723 530
335 344
563 253
800 281
32 883
126 631
201 796
473 551
366 570
574 479
460 747
961 778
516 729
641 948
895 129
272 49
641 354
726 613
947 376
112 399
171 850
562 949
317 560
391 329
728 841
909 780
40 331
941 231
999 389
949 656
658 671
550 791
349 368
426 703
618 171
253 148
353 742
651 187
995 90
693 574
58 21
168 717
879 422
720 501
497 940
183 263
544 835
161 245
289 952
39 236
595 580
450 733
337 980
393 970
517 897
556 937
8 751
289 154
907 842
946 687
53 587
949 264
536 931
846 640
305 422
800 1000
468 846
313 607
387 160
26 608
298 269
619 611
929 677
416 848
148 898
957 15
5 642
423 695
207 837
937 99
222 247
499 910
500 509
287 315
818 806
50 444
89 674
929 342
790 320
259 152
995 642
700 364
528 735
306 229
70 74
880 194
455 236
166 633
957 322
154 17
546 815
585 787
197 93
14 573
550 723
18 576
937 803
849 678
982 765
98 754
406 187
559 355
580 124
97 458
724 785
237 948
437 18
72 231
515 423
352 668
242 683
258 644
944 427
637 274
620 576
287 787
777 541
116 871
376 972
985 930
837 705
824 608
417 158
325 220
441 16
142 568
343 137
437 68
4 569
924 634
946 926
301 661
682 932
475 686
316 746
998 574
674 192
414 991
57 194
670 300
32 384
158 448
52 67
769 621
702 157
559 123
490 855
810 34
42 200
761 688
977 531
706 115
190 832
160 403
151 879
174 692
984 192
30 274
807 672
701 189
239 747
482 245
363 154
92 628
679 618
312 556
733 347
999 777
491 254
809 149
410 104
691 153
658 946
623 942
975 209
888 745
761 93
45 876
907 537
193 537
382 247
112 471
996 5
664 461
793 971
810 811
373 385
825 112
72 180
658 743
130 838
737 166
495 146
442 10
600 618
930 375
570 270
932 361
545 94
315 377
667 716
671 12
802 877
894 479
841 721
441 195
746 107
725 851
964 169
893 29
217 957
751 163
54 177
256 248
132 603
190 337
284 654
986 272
399 239
574 571
224 539
696 677
324 558
73 874
669 142
601 616
139 141
793 905
821 115
716 367
365 87
114 473
263 722
13 571
624 534
362 94
916 648
611 272
912 998
575 437
856 713
325 650
877 77
77 517
99 85
928 69
855 634
269 371
36 578
237 319
700 569
667 288
722 973
808 394
44 836
108 923
652 523
772 482
946 296
361 984
287 480
735 998
519 821
22 887
151 81
10 839
622 556
900 728
409 227
362 325
400 938
643 118
420 421
295 827
331 706
996 900
367 735
49 405
193 963
770 111
789 433
685 256
64 374
448 981
400 840
789 290
429 467
121 613
174 473
33 731
278 523
941 457
779 50
569 618
971 778
293 874
720 522
703 723
500 574
121 839
216 857
806 728
640 558
759 600
6 16
781 918
297 122
447 102
509 681
422 288
851 642
971 505
920 777
851 883
599 209
801 26
882 103
846 570
207 808
777 17
834 962
651 568
800 862
445 461
971 295
131 428
702 85
669 948
230 842
746 783
503 322
929 815
181 714
416 821
532 611
875 417
892 513
307 397
496 498
922 754
649 922
505 4
472 379
300 368
348 726
611 200
265 786
430 52
110 262
421 671
960 79
639 143
162 513
128 657
623 998
311 224
633 98
500 47
68 491
784 44
325 452
662 77
611 567
850 293
922 182
300 774
709 110
767 184
681 709
791 408
150 256
478 653
998 68
836 871
223 217
888 110
157 429
984 897
234 288
822 417
812 143
44 33
72 426
56 559
160 605
345 599
966 787
994 892
96 431
821 713
668 765
656 577
855 114
612 258
481 768
121 957
929 120
582 850
15 503
436 88
384 691
773 167
702 279
688 449
856 611
489 946
18 707
365 31
826 372
189 273
586 472
659 49
536 932
612 247
61 521
722 293
576 512
39 640
776 66
833 151
299 607
720 244
938 345
394 825
14 454
53 612
244 549
260 834
759 134
338 606
891 886
820 314
269 12
71 128
143 866
493 558
61 170
689 705
762 9
175 166
107 180
607 227
700 455
101 862
301 268
560 648
321 630
783 596
552 214
291 778
675 642
957 321
889 123
338 275
451 560
987 642
45 920
357 902
927 270
602 771
799 811
291 104
609 229
827 170
706 869
214 864
784 167
253 198
180 115
900 837
871 242
785 515
315 348
561 36
928 801
510 946
981 554
128 185
577 786
530 828
451 29
127 721
789 941
21 275
593 855
543 370
418 792
411 552
860 679
588 424
570 175
459 356
811 203
743 979
123 211
381 535
630 646
960 958
692 493
809 591
462 891
839 287
19 234
682 86
719 157
658 495
456 811
200 949
41 503
100 598
191 633
731 604
934 211
95 221
999 955
946 261
430 402
431 191
550 387
341 17
908 841
321 673
253 678
969 333
143 920
610 105
176 535
598 526
502 403
716 67
274 936
538 365
505 568
482 428
213 725
510 9
737 987
610 331
980 297
287 67
278 770
9 815
810 955
779 440
632 13
374 874
785 751
953 637
845 951
955 219
936 764
355 516
561 209
512 315
183 470
684 25
557 293
834 682
82 711
910 623
839 98
198 973
592 888
55 536
792 74
3 997
794 920
725 948
375 255
391 634
531 743
570 835
474 220
703 468
372 338
964 479
218 217
111 406
246 763
483 23
558 766
532 362
695 718
57 283
267 986
42 26
129 230
568 190
677 484
489 795
532 473
865 652
459 821
905 233
598 110
722 223
692 231
674 566
52 838
122 14
875 452
142 371
38 256
924 289
374 488
982 747
849 946
791 947
459 682
577 451
970 50
454 483
756 293
416 736
386 67
670 999
202 491
352 468
373 109
359 179
150 138
188 825
205 4
376 73
28 722
305 115
896 570
366 612
918 143
813 475
798 433
176 992
340 595
34 258
78 279
694 273
297 161
385 197
404 103
79 423
172 11
766 167
362 681
168 866
498 473
102 735
713 394
77 19
784 787
362 587
293 587
4 754
422 289
336 34
156 469
345 276
238 201
190 315
228 487
686 668
752 745
915 17
96 626
976 481
243 738
950 533
458 511
442 984
207 728
500 170
931 653
929 814
970 402
513 826
631 65
835 580
912 551
856 130
142 220
57 102
765 780
589 948
154 281
543 679
28 370
748 193
912 959
571 728
645 493
114 785
960 465
931 752
144 238
988 487
456 720
175 483
903 415
425 612
300 880
961 384
710 943
253 944
839 585
663 511
831 841
978 495
797 809
562 238
586 248
456 29
590 736
112 623
729 549
428 99
125 487
586 843
825 529
110 517
397 959
629 823
667 518
119 713
242 409
67 306
638 63
898 462
556 246
536 217
912 88
196 229
508 183
997 363
920 696
427 59
10 97
194 962
622 386
395 201
935 800
358 544
531 686
198 512
881 661
973 253
214 227
219 347
955 719
812 716
595 676
584 691
358 770
255 930
420 757
440 139
9 922
601 976
213 410
819 370
596 733
647 947
730 359
679 354
22 611
276 707
322 405
56 313
293 52
71 882
425 900
191 725
875 396
586 831
936 280
645 432
448 82
840 884
841 413
344 867
970 251
204 695
525 171
946 64
724 900
35 419
254 309
880 196
615 804
157 844
28 628
529 185
145 688
837 419
865 225
614 484
192 373
239 338
799 306
948 820
571 307
845 688
456 824
931 91
415 202
36 317
720 806
439 208
611 675
599 630
152 129
408 43
963 397
949 916
825 670
978 132
710 599
713 497
586 577
533 70
440 363
920 53
229 159
696 540
935 455
43 215
530 735
640 35
289 203
18 395
472 2
114 32
356 554
638 535
566 336
196 169
356 372
30 653
798 348
207 739
171 86
411 998
892 245
415 790
327 74
556 572
356 426
622 837
751 547
826 854
576 621
44 979
133 430
373 809
340 166
639 514
344 33
640 542
71 214
741 371
810 322
98 80
924 478
821 578
331 307
455 708
296 83
317 803
49 653
395 921
18 640
572 319
442 468
944 958
357 711
451 670
842 85
843 500
511 322
417 189
631 589
410 153
230 302
140 2
602 885
948 665
328 290
737 986
224 243
421 551
659 652
852 509
923 932
112 600
735 576
767 718
281 29
482 678
253 233
220 22
901 851
520 670
318 959
67 381
340 943
770 346
989 326
132 814
332 591
458 278
234 377
473 521
113 632
81 218
724 644
12 520
324 266
665 338
16 733
428 472
121 962
124 463
298 798
489 734
346 113
256 361
522 92
29 124
157 39
910 543
318 469
660 962
739 329
484 854
450 66
547 624
453 771
825 118
710 225
238 157
460 862
631 350
905 14
930 459
364 787
165 334
294 34
721 342
393 371
514 913
87 633
660 663
972 161
593 668
21 859
374 207
584 937
566 713
313 661
226 78
338 660
134 869
473 863
38 257
744 574
52 613
578 952
75 780
733 342
451 749
199 679
59 496
792 963
425 766
744 214
624 178
623 972
116 374
308 122
64 473
747 60
487 505
128 550
680 243
101 540
420 486
78 150
167 588
336 584
483 779
907 157
28 834
895 290
573 570
177 265
570 288
537 89
665 12
958 651
319 375
250 944
289 800
178 602
290 91
977 848
333 23
751 193
938 494
131 663
7 875
618 578
584 442
142 758
676 618
91 154
863 552
384 826
101 621
414 906
808 925
627 365
555 248
116 750
134 261
18 354
290 543
493 4
129 439
226 641
613 787
942 827
959 251
172 735
191 333
639 791
659 23
437 717
324 790
61 817
388 7
118 258
999 655
446 277
284 80
821 887
550 159
221 523
718 468
584 965
436 442
593 521
479 356
264 363
529 289
805 436
97 999
83 692
190 632
757 828
795 19
248 484
211 216
456 721
183 774
169 332
310 324
38 90
503 817
508 669
770 222
454 351
644 699
121 180
953 581
124 877
862 763
921 203
10 554
942 179
429 420
837 39
205 701
461 787
708 276
276 472
790 671
595 250
922 342
651 188
889 921
292 542
727 722
971 859
936 550
422 529
775 23
244 379
654 509
42 524
362 893
419 558
828 850
613 196
161 123
470 239
792 131
298 948
731 438
458 574
103 964
380 335
679 63
761 808
674 925
568 136
824 114
878 421
19 208
848 136
777 412
963 617
485 789
17 279
201 626
881 208
481 706
635 33
585 724
252 599
715 73
950 784
402 346
41 42
424 446
633 704
971 822
544 95
613 298
537 826
312 531
169 398
467 241
518 854
723 928
117 113
231 201
141 161
913 904
861 882
866 936
300 966
174 91
141 306
783 711
110 853
914 626
989 46
96 469
198 62
443 54
64 257
227 975
177 230
558 901
838 221
823 171
770 85
865 81
766 435
180 818
513 95
606 728
556 437
98 979
873 335
466 143
522 250
34 331
881 884
823 73
905 544
888 140
923 671
470 958
988 959
45 346
836 123
827 360
370 213
975 592
962 433
64 892
125 861
56 956
295 103
617 253
764 884
677 795
310 608
351 284
427 196
800 698
428 539
566 337
852 464
682 818
622 104
808 740
864 672
441 721
321 123
394 761
597 893
15 235
130 899
96 905
407 365
449 223
770 723
588 110
950 845
40 940
757 545
656 70
723 753
836 544
374 739
250 148
857 996
917 898
520 244
580 972
763 478
623 826
604 958
938 574
5 901
335 386
141 197
144 55
53 905
245 403
897 664
739 897
185 670
796 598
945 180
654 556
440 972
530 579
922 236
158 826
1 237
737 187
441 486
212 519
606 583
737 276
976 556
637 307
243 204
209 44
483 605
210 511
229 33
11 242
950 451
661 148
495 482
996 261
731 208
381 471
733 610
493 253
419 742
683 341
370 72
854 286
379 250
309 155
530 466
65 869
206 904
214 40
592 920
574 792
759 260
227 143
160 212
290 635
569 120
753 235
265 329
647 638
22 718
422 116
740 503
2 945
910 425
694 512
934 19
574 122
441 606
429 729
1000 683
145 162
769 872
555 886
630 317
820 82
620 259
877 95
365 408
154 259
338 548
122 127
340 42
303 934
490 763
821 677
959 747
909 2
343 970
329 136
538 476
154 37
261 714
40 452
248 167
382 22
81 633
576 325
763 841
453 329
791 369
957 617
653 368
175 668
954 209
556 381
940 988
193 949
340 972
236 877
758 750
64 902
104 723
102 834
362 663
56 534
826 6
371 927
669 476
262 18
693 470
81 855
368 951
220 648
333 487
975 520
63 194
358 570
385 534
522 113
836 193
484 996
933 148
33 4
87 329
345 282
381 620
418 470
937 574
424 903
299 313
392 683
68 522
289 355
646 353
761 787
498 923
281 967
502 883
507 171
949 304
143 489
539 572
133 476
100 778
672 155
484 681
341 32
159 283
127 467
346 662
256 690
167 420
190 799
302 437
35 730
471 786
24 857
773 772
297 91
977 745
464 964
168 533
288 370
240 923
238 762
49 635
868 671
947 94
329 353
986 760
74 30
992 629
663 170
460 743
482 811
232 938
943 138
70 98
272 53
643 198
277 460
188 249
546 775
529 211
966 424
886 15
844 972
100 244
10 600
512 778
882 616
202 668
921 202
266 945
362 70
608 786
326 565
439 206
118 677
483 806
138 375
595 253
589 487
382 383
828 525
713 97
500 256
567 735
594 462
691 121
267 916
840 734
777 967
391 559
431 514
109 356
761 973
138 794
303 452
551 226
238 235
995 492
819 238
726 140
198 565
459 339
467 921
791 50
254 308
152 513
616 102
191 352
532 300
30 453
479 421
209 577
249 492
194 311
765 972
307 204
550 184
751 521
511 788
105 23
484 998
999 515
856 307
965 639
602 347
195 899
770 639
255 275
596 445
924 500
563 172
88 76
584 881
274 673
424 78
905 513
640 850
952 612
66 850
511 219
22 818
297 337
351 546
391 395
130 42
396 99
734 225
34 878
224 378
84 990
253 993
219 342
853 526
50 877
657 275
839 559
828 348
421 914
997 627
874 142
470 733
586 794
558 412
543 200
689 828
569 965
362 973
660 500
92 246
609 452
629 777
479 662
794 382
408 45
873 479
775 656
770 122
822 384
275 840
992 443
441 171
629 954
150 525
244 344
963 234
417 593
785 802
897 232
917 229
133 822
651 953
64 893
528 467
245 987
302 844
153 100
3 906
78 338
545 271
786 627
473 276
461 459
872 462
345 338
964 40
769 752
437 354
77 827
356 374
673 28
51 480
124 250
930 421
270 130
147 949
613 810
65 204
70 607
17 353
164 528
216 383
541 142
356 596
178 948
848 175
520 407
722 997
545 804
433 578
87 693
753 953
627 864
386 856
443 681
743 546
438 120
139 688
321 821
639 413
531 358
680 876
282 136
230 706
283 918
107 149
199 701
170 965
727 927
876 623
336 832
649 689
980 197
598 636
40 376
724 194
871 45
28 713
567 788
439 875
760 150
297 760
45 10
608 986
607 644
97 347
651 374
220 391
58 102
442 287
805 747
241 513
945 887
341 614
547 903
453 680
902 103
794 628
671 302
831 623
860 501
220 596
993 732
319 896
883 170
489 621
734 801
648 524
834 843
427 291
835 190
229 915
379 106
324 953
255 919
379 541
275 151
593 496
167 349
995 292
824 188
678 811
897 435
97 654
260 80
43 864
462 858
502 903
673 425
341 11
489 792
633 442
602 352
60 340
758 359
761 449
317 99
283 63
981 204
524 344
160 290
434 129
697 765
239 950
754 502
94 111
22 920
524 634
217 416
398 911
848 526
922 781
875 231
508 772
624 37
531 499
970 49
537 626
558 792
136 617
600 14
382 132
205 949
331 710
371 437
207 91
732 906
411 123
19 933
956 322
120 994
283 1000
235 499
770 26
629 175
520 557
483 781
490 207
879 683
382 497
956 416
556 409
747 493
716 884
880 714
774 348
812 167
851 315
195 191
116 447
909 679
399 297
5 586
183 390
629 626
908 98
158 64
159 425
418 245
107 787
298 847
461 177
214 363
975 827
329 979
904 754
292 29
298 990
284 285
836 338
507 76
630 850
955 676
760 588
82 968
747 966
954 628
4 787
61 734
321 177
142 680
695 815
425 243
27 323
156 101
1 940
329 623
420 946
313 582
795 838
632 868
743 644
874 821
156 916
587 408
177 887
27 97
940 603
189 595
20 361
179 203
587 198
370 950
518 872
88 143
785 223
832 30
304 487
69 169
698 699
439 43
266 559
657 310
823 321
241 909
477 261
98 602
816 401
359 180
173 12
869 263
353 648
686 186
728 847
984 534
667 802
805 552
609 447
920 318
210 162
908 295
205 413
632 119
422 28
693 440
654 950
767 619
733 903
183 490
870 352
319 250
676 60
896 69
682 570
439 653
635 630
959 691
730 814
677 869
492 748
627 474
337 856
432 669
492 508
351 331
617 289
660 875
99 435
136 135
800 799
70 624
95 967
26 762
632 785
247 136
428 998
861 652
660 585
94 261
900 88
408 950
151 838
486 595
929 696
913 211
455 332
60 284
260 846
8 191
891 778
305 611
571 648
333 987
627 820
973 864
577 31
316 101
355 473
857 831
179 807
1 731
532 865
610 65
313 941
614 697
596 156
944 917
799 537
184 702
404 631
10 746
304 967
332 742
343 300
314 105
576 127
595 461
5 833
210 981
468 493
845 685
137 528
895 516
965 212
417 454
469 901
589 680
326 534
611 676
908 372
15 994
181 406
326 671
550 769
479 657
996 525
210 134
732 7
422 563
349 625
775 117
686 432
216 870
418 202
359 684
293 79
686 547
746 374
677 904
57 491
295 97
6 476
906 198
327 656
94 677
111 265
557 901
57 602
899 672
372 814
223 336
725 766
392 190
583 752
252 288
604 525
290 581
574 973
497 399
890 430
872 237
89 197
218 483
57 935
296 425
497 280
169 91
915 590
446 723
825 426
959 274
995 118
361 854
178 772
203 347
757 976
829 483
922 647
648 477
335 366
688 813
249 233
212 475
268 277
765 817
35 610
87 805
682 263
352 750
230 707
119 524
987 964
499 820
776 303
680 873
840 738
896 820
291 810
649 688
300 932
192 293
340 357
612 758
909 847
380 521
567 791
847 7
171 558
210 72
363 957
162 295
144 358
561 491
563 613
50 624
862 399
310 6
58 103
846 500
427 870
67 271
30 129
361 238
91 405
203 767
846 103
171 349
635 720
630 11
567 475
219 73
42 706
580 70
342 369
234 518
452 465
271 959
368 540
149 479
314 384
803 590
170 177
544 622
530 593
198 739
199 318
881 291
981 520
744 328
385 810
596 818
423 822
229 995
329 737
645 49
265 317
782 250
800 636
117 755
227 111
446 719
801 460
786 24
145 160
153 685
214 194
339 662
140 413
839 29
307 436
937 45
153 606
502 209
307 293
602 907
724 80
304 621
748 104
553 110
257 953
684 768
248 314
943 865
822 914
608 554
116 369
524 808
527 713
876 347
663 471
331 854
116 480
426 905
90 711
839 758
681 748
167 585
295 532
866 688
595 114
516 420
871 161
824 848
22 295
6 856
542 958
989 423
223 839
427 834
923 857
141 398
272 693
20 947
298 701
988 784
699 879
313 24
747 667
510 711
630 800
205 171
890 661
428 590
693 246
234 653
366 390
105 514
78 570
543 596
548 830
939 235
332 450
47 926
86 112
551 478
293 314
938 33
647 587
139 908
469 217
878 383
772 424
15 144
497 288
156 48
308 398
434 211
400 463
643 413
113 272
645 149
728 275
156 772
303 983
929 524
442 681
829 43
728 130
587 249
516 203
481 502
145 319
167 960
40 19
888 695
679 783
10 582
672 551
488 724
784 33
268 146
895 493
258 408
432 395
140 852
107 267
568 871
399 761
901 775
225 324
408 164
739 496
567 204
332 515
828 664
741 681
272 514
680 415
378 28
340 398
774 313
868 556
188 686
300 432
836 2
431 814
452 741
517 745
257 355
223 712
704 692
998 298
877 571
132 536
224 617
152 502
835 91
229 200
447 129
450 231
290 348
953 4
916 504
632 453
545 817
713 644
427 997
272 974
440 32
351 330
834 944
638 590
646 870
365 26
935 146
77 742
597 415
651 603
324 769
296 436
754 202
60 575
65 151
502 972
484 591
36 560
735 246
630 456
388 373
339 737
639 507
235 993
406 480
377 112
196 988
568 711
640 852
457 392
496 354
499 517
339 551
581 463
308 881
480 214
841 227
163 459
151 39
629 68
296 808
637 601
799 318
288 860
922 151
404 417
672 946
664 578
2 889
29 592
289 643
491 741
812 217
77 78
176 59
450 438
231 543
508 352
530 691
493 500
664 864
537 22
909 750
823 872
980 978
497 834
355 636
337 921
952 523
989 689
494 17
295 96
133 837
261 144
281 754
391 525
655 960
696 655
609 902
497 172
595 727
835 196
379 64
499 744
623 173
493 56
237 51
901 371
132 161
787 298
852 752
744 921
229 607
894 835
14 52
507 962
588 105
94 230
421 30
922 533
298 491
544 15
683 866
574 191
231 264
506 249
680 878
398 945
757 832
708 872
269 956
240 820
978 766
705 350
500 334
743 258
266 642
448 801
88 328
767 392
913 873
823 490
828 28
577 260
705 218
230 290
360 219
867 591
304 319
927 489
828 495
741 527
281 225
286 370
469 920
842 386
242 630
496 842
443 309
747 956
928 979
419 962
395 438
241 694
721 748
902 315
813 148
935 641
239 20
261 466
137 732
64 812
530 797
531 524
337 573
831 321
579 504
489 706
418 350
437 418
204 371
8 734
190 298
659 910
284 315
623 80
906 330
247 444
311 899
365 231
601 904
263 712
308 471
259 646
939 287
83 977
88 889
35 850
734 720
963 546
863 5
583 906
182 801
578 469
991 481
574 639
905 462
161 846
737 687
519 819
179 713
321 36
67 880
653 937
966 48
628 567
404 697
41 769
973 952
325 89
328 499
376 479
16 80
550 541
883 528
240 574
849 736
638 298
654 527
628 324
920 437
684 694
633 170
980 441
948 927
182 143
607 762
885 452
780 880
380 780
785 718
93 657
663 549
613 458
135 396
389 380
945 768
30 226
590 986
2 579
742 177
817 334
376 522
747 525
769 483
759 598
63 207
357 494
860 475
60 839
983 415
604 976
760 304
423 836
451 972
534 894
170 37
354 326
852 697
427 414
302 734
195 650
330 687
635 168
387 37
621 405
697 317
570 565
351 132
835 587
568 462
511 591
806 120
869 936
504 628
583 110
507 635
145 28
784 757
951 635
684 854
4 480
761 317
636 651
278 276
433 362
783 638
525 19
448 873
508 665
629 111
991 520
126 171
183 32
990 432
170 400
282 275
379 797
345 925
785 392
272 357
914 812
555 894
112 612
666 189
919 254
28 930
694 327
533 392
148 768
168 549
480 375
119 708
899 200
747 459
219 146
480 742
832 587
686 410
926 389
243 300
519 14
835 805
210 450
854 635
377 872
449 651
30 504
894 763
199 483
471 286
76 366
919 810
377 985
263 626
51 536
935 60
209 420
651 717
854 436
765 743
488 365
734 910
679 59
126 762
599 352
213 421
514 362
455 40
630 606
96 993
193 89
657 938
179 410
550 191
536 985
60 431
762 817
529 368
13 863
314 644
575 350
348 513
518 955
238 63
524 572
463 240
805 37
168 54
153 902
979 270
482 970
188 152
124 133
529 188
110 857
417 760
594 986
331 640
634 299
965 65
228 691
796 765
548 78
699 490
442 113
779 402
543 181
410 467
304 114
76 718
909 769
633 467
85 872
57 271
935 668
239 243
67 418
656 645
832 989
662 431
298 882
119 462
180 370
533 434
113 689
624 378
545 268
319 105
252 92
569 390
143 159
789 649
556 900
137 305
103 919
234 706
878 107
220 913
459 235
207 889
869 300
565 99
859 330
843 833
633 252
960 547
172 264
52 580
716 32
661 673
593 683
514 452
247 878
433 758
749 40
696 204
127 404
977 991
94 231
683 838
761 554
887 446
368 408
801 407
943 326
349 325
995 969
524 593
100 547
563 141
620 426
87 807
95 360
762 55
859 677
669 924
507 656
738 44
396 2
473 657
745 681
743 146
370 66
988 347
111 548
148 530
224 136
49 499
680 171
353 837
266 884
763 798
358 470
134 711
296 547
963 429
672 846
71 964
76 754
538 811
922 394
944 78
275 732
383 839
155 882
194 916
894 337
3 858
613 183
674 613
817 434
402 263
124 452
345 401
785 924
881 711
594 93
243 494
906 248
323 326
142 654
215 876
933 641
20 366
646 238
355 889
561 108
998 733
268 864
506 759
108 910
591 870
919 325
189 482
356 277
985 323
548 875
553 519
610 592
645 63
777 79
820 43
624 668
944 9
95 25
581 844
51 159
397 439
956 852
592 329
477 713
507 275
784 635
485 954
634 175
785 103
1 656
878 562
437 196
187 717
923 241
269 991
553 108
884 602
39 821
631 703
236 418
123 908
16 450
904 881
183 942
238 458
595 278
275 316
597 748
107 400
184 999
426 816
581 184
139 157
654 524
624 405
254 80
970 865
789 299
148 421
387 603
854 771
836 778
549 427
148 276
721 702
331 950
685 27
64 619
873 267
841 869
163 881
540 199
21 115
372 345
463 176
894 482
474 489
890 945
858 403
986 332
310 770
828 843
812 448
711 722
983 41
87 212
414 892
879 104
994 962
719 531
229 243
834 827
742 912
263 521
525 886
15 408
897 503
720 190
792 219
26 963
958 200
246 686
303 413
432 666
146 424
811 422
78 683
174 11
462 778
877 921
952 16
19 187
834 76
835 445
431 430
235 729
752 461
863 491
523 712
502 17
565 381
181 580
882 723
352 586
23 353
898 885
654 61
234 641
496 489
259 23
499 954
191 780
444 652
80 283
4 481
826 461
932 133
326 252
22 133
709 309
636 763
570 768
606 967
576 22
851 478
785 510
898 55
102 306
810 859
885 133
119 929
220 36
167 623
727 535
547 149
659 815
896 395
339 447
177 296
540 999
23 851
37 780
314 131
760 943
82 359
432 890
6 100
372 556
158 163
287 581
589 197
313 58
3 914
150 781
881 655
147 191
830 320
339 333
267 630
566 334
839 718
551 158
241 185
114 393
544 680
800 770
618 521
621 342
345 894
109 386
825 177
754 121
497 480
961 158
467 696
830 74
769 596
271 260
39 296
152 948
687 652
389 841
998 967
364 999
660 596
369 831
740 282
766 798
160 510
109 821
660 571
791 787
672 409
13 175
107 174
252 963
734 459
365 604
313 507
114 988
649 959
523 978
504 768
981 370
729 201
508 984
610 92
630 27
903 731
230 693
839 773
532 979
618 128
294 903
685 415
410 143
213 570
842 138
93 20
331 643
776 532
413 621
300 90
107 344
71 701
478 705
712 737
675 503
460 432
244 453
51 142
505 982
24 338
206 126
957 341
656 375
975 308
61 677
419 316
65 747
651 44
335 527
380 932
556 299
275 304
132 623
974 498
393 925
858 331
436 997
823 667
334 137
742 969
285 8
807 135
561 537
691 918
29 3
801 106
450 120
986 38
454 528
934 270
772 701
557 621
65 855
214 112
536 792
220 769
62 36
289 408
23 760
511 905
112 905
210 289
592 366
812 867
485 705
715 104
405 866
203 348
619 980
172 179
641 810
779 157
310 333
151 18
715 478
9 628
852 488
912 259
775 183
40 94
59 490
921 507
95 504
577 361
45 326
54 547
956 203
978 655
500 255
346 202
376 531
303 604
418 694
534 232
537 692
899 317
684 573
392 965
525 427
830 820
766 321
637 748
513 476
257 30
358 632
478 844
228 551
452 611
513 333
751 469
326 640
704 464
510 279
998 150
160 702
626 545
293 894
729 923
855 488
180 341
938 500
831 323
65 608
817 433
2 345
931 441
55 529
803 627
418 463
668 595
281 893
946 781
48 592
527 280
855 191
388 890
55 823
445 855
676 338
905 702
497 424
967 199
75 87
41 331
791 451
601 131
817 974
997 197
914 96
425 949
78 921
951 992
537 852
60 199
151 248
407 82
672 449
182 726
244 907
689 514
301 316
141 147
198 76
553 83
904 643
376 370
446 782
675 704
715 707
604 902
84 786
515 184
184 1000
224 149
595 390
690 398
709 114
31 154
841 10
783 939
932 471
310 455
439 225
28 856
693 654
766 460
440 604
827 88
764 757
619 282
106 507
713 337
89 919
955 252
647 226
281 285
70 626
43 375
7 208
393 836
737 551
896 125
42 677
578 531
872 364
176 291
177 638
73 957
462 617
47 581
215 883
309 250
772 742
898 809
5 209
685 623
7 519
285 865
713 894
915 22
916 709
664 573
994 549
487 371
511 750
149 955
331 124
545 134
36 543
984 585
354 166
691 285
201 553
882 720
80 602
977 748
562 722
476 484
865 876
494 869
723 541
596 277
908 953
377 89
430 461
982 526
854 789
386 911
317 869
623 423
875 199
142 505
260 539
896 767
127 995
884 814
909 771
732 874
269 676
309 983
182 335
185 729
475 152
116 455
157 643
693 881
634 898
44 251
979 944
176 899
984 538
91 304
831 596
776 806
872 532
945 977
710 723
309 282
880 746
139 791
871 932
112 979
512 506
452 389
497 574
312 272
349 779
243 312
704 806
355 722
786 520
589 85
38 933
20 176
575 134
25 542
172 923
854 347
503 107
438 59
545 64
484 788
547 526
159 828
203 713
916 729
313 388
631 284
578 392
544 280
543 986
401 217
203 85
818 618
66 199
359 590
734 686
574 55
40 794
654 947
504 547
910 21
948 328
930 751
44 885
538 687
479 326
695 221
28 318
213 886
986 566
880 29
623 703
62 581
544 196
468 164
311 318
66 651
614 825
32 519
788 398
457 30
611 893
505 266
639 171
362 133
1 505
384 495
610 447
342 655
386 181
499 292
739 450
31 205
384 414
365 927
477 357
814 924
283 980
675 502
197 870
1 155
789 354
721 628
760 238
998 24
157 536
712 881
31 483
571 22
628 45
813 173
262 189
210 130
854 955
855 342
432 136
418 87
727 972
230 748
744 433
484 244
765 69
802 177
106 322
845 237
665 383
557 313
337 926
274 541
907 278
362 316
214 292
9 814
238 430
369 269
494 896
446 155
124 17
531 723
589 129
492 589
675 532
882 197
699 537
742 601
29 2
821 392
407 795
439 336
894 758
592 946
848 76
868 7
544 693
991 253
199 231
242 326
541 24
65 199
322 302
825 317
556 571
388 453
375 343
416 774
127 406
735 215
226 933
959 543
618 252
781 491
765 860
126 730
397 482
924 509
739 97
939 611
64 167
197 188
771 442
290 572
478 358
762 53
822 795
566 945
364 377
166 515
369 661
852 38
926 869
970 105
985 762
118 699
818 37
291 191
136 158
666 465
176 877
324 189
487 291
79 85
420 360
352 46
741 524
266 882
858 744
50 925
562 629
839 671
788 723
770 418
168 592
850 116
504 328
180 899
76 748
771 532
765 748
519 434
101 143
393 734
86 573
603 709
34 216
271 741
738 277
445 658
328 359
223 760
413 180
877 623
806 693
954 904
30 423
622 445
446 269
517 959
590 159
629 699
833 634
501 796
212 865
928 402
121 908
674 138
752 886
380 175
971 468
493 136
384 708
648 561
960 867
741 162
618 575
933 528
867 893
351 399
333 688
172 754
69 858
765 685
252 320
807 904
702 166
860 822
165 216
341 391
164 384
557 899
507 592
666 625
973 851
282 838
339 779
307 297
278 544
921 549
335 511
912 352
822 999
1 519
735 894
615 788
514 351
150 19
960 235
293 408
834 179
371 297
687 473
714 281
145 881
92 405
385 51
314 907
686 163
358 496
841 922
399 534
515 345
901 944
98 917
941 431
893 982
965 313
219 139
8 816
794 691
244 366
927 893
585 366
551 513
936 704
18 929
786 658
881 528
402 651
258 871
659 465
974 10
778 449
618 640
674 174
272 998
20 268
846 912
81 362
834 936
177 863
821 94
532 167
346 894
60 672
441 674
597 391
86 116
769 940
476 848
242 398
351 112
743 818
982 434
809 792
242 481
189 808
583 986
252 586
826 777
22 974
523 859
709 896
657 237
568 320
921 641
41 583
408 893
351 935
505 19
502 56
967 345
952 590
627 137
224 485
686 489
53 858
97 218
957 308
619 189
549 154
371 839
516 469
205 596
991 629
5 872
528 395
433 73
822 749
474 919
331 501
610 267
884 862
172 306
814 897
176 821
214 861
298 326
878 575
505 39
111 719
112 615
81 1000
854 813
230 203
927 51
675 426
90 598
107 668
628 458
423 336
411 317
30 700
722 2
655 714
841 656
275 278
422 667
24 22
730 696
803 300
356 122
739 759
56 790
721 100
464 459
181 16
322 41
698 316
705 744
963 816
228 112
436 208
475 634
109 344
333 632
597 411
798 642
178 571
415 826
824 121
527 939
41 369
598 63
160 385
92 836
725 313
79 638
354 75
175 75
13 860
877 157
778 904
174 785
865 171
141 770
57 729
139 449
434 981
933 509
352 694
922 846
871 289
47 355
175 286
328 447
914 474
718 748
611 958
779 600
173 329
31 831
184 818
602 776
733 34
741 535
172 278
101 392
763 887
153 221
148 351
791 439
368 706
997 718
107 632
490 29
974 214
940 930
278 601
279 752
907 606
322 52
347 38
409 655
953 330
846 191
152 423
81 7
820 542
413 64
989 64
929 925
613 225
320 840
345 299
364 513
57 95
522 51
963 927
622 128
644 482
864 712
773 130
892 158
273 864
354 269
445 162
32 9
225 278
731 649
809 650
852 611
592 352
35 110
942 596
429 639
748 867
730 498
707 67
467 293
305 642
987 938
222 314
454 109
238 692
995 859
352 250
250 270
586 356
236 301
323 836
257 592
98 330
347 657
505 436
253 558
788 783
201 83
995 569
300 929
746 753
785 299
58 671
115 930
206 271
360 575
82 233
173 841
874 349
267 441
447 256
413 992
604 277
718 277
336 755
840 164
281 150
998 5
451 194
914 898
495 21
685 69
758 645
45 294
908 307
15 626
807 502
664 832
828 563
902 462
261 478
579 367
410 724
33 279
717 453
793 269
869 26
458 810
87 205
803 740
896 2
536 41
975 930
462 531
856 774
345 263
218 63
252 612
366 495
902 891
856 949
74 324
570 827
111 409
756 930
284 469
744 655
830 120
449 3
213 90
469 192
604 669
330 774
972 217
866 436
192 811
635 113
449 188
322 418
605 857
860 934
260 892
722 963
598 214
726 795
505 64
75 183
60 193
460 619
486 439
448 99
874 591
250 179
468 110
821 686
182 724
883 841
207 259
689 512
338 430
1000 991
361 599
162 896
127 120
878 928
774 891
802 211
683 722
852 59
174 43
156 626
456 268
131 788
831 975
600 131
818 198
309 449
730 683
590 610
828 403
477 315
926 608
747 197
270 964
966 353
37 563
866 589
816 378
393 543
574 224
417 385
783 986
419 335
292 967
439 784
782 837
64 622
333 190
336 366
79 430
780 963
855 281
418 156
756 450
759 957
445 693
301 561
575 548
854 706
51 659
507 469
988 668
682 979
665 679
980 1000
489 563
344 827
702 353
636 509
512 173
251 808
565 88
415 833
554 459
866 489
316 906
868 175
282 534
320 461
636 195
431 427
293 438
867 17
498 628
511 348
252 587
878 755
540 8
320 235
485 987
490 695
643 273
79 699
287 462
74 25
917 963
365 518
404 746
634 49
410 7
794 235
601 296
13 106
343 999
164 234
790 290
409 197
942 473
211 81
879 902
679 778
482 516
875 999
533 629
326 925
774 641
866 766
136 873
376 110
895 377
684 662
228 618
805 809
813 371
628 716
172 81
29 760
175 814
665 996
814 723
543 499
67 458
38 761
530 385
81 26
959 323
357 445
416 449
822 217
290 486
823 688
458 836
976 777
647 486
190 279
194 842
980 925
51 751
552 892
20 569
31 145
540 569
124 126
181 993
555 220
557 518
726 135
740 466
307 823
972 146
125 743
636 231
999 473
655 431
948 219
398 188
679 277
977 701
458 490
174 679
576 905
294 844
520 715
943 81
503 606
127 210
588 800
607 68
421 327
713 219
710 343
141 72
126 414
491 15
623 814
572 300
294 558
153 906
266 747
191 946
763 967
692 629
822 940
538 287
336 859
596 9
895 632
710 113
508 697
515 101
827 823
331 644
762 352
490 111
679 959
663 282
654 715
571 187
629 818
244 385
529 611
951 140
563 782
476 560
708 391
506 795
802 860
620 699
87 737
572 694
422 565
613 440
697 661
660 209
932 606
384 988
78 955
828 927
669 413
228 243
923 949
927 965
72 351
592 662
191 94
59 618
31 727
226 639
959 69
854 357
584 329
604 916
971 443
365 104
5 23
243 564
617 263
856 585
272 600
15 66
336 342
75 479
703 209
892 270
881 27
479 390
860 188
355 140
667 503
584 950
403 514
209 823
49 986
415 575
640 535
736 892
878 683
340 131
593 585
295 211
136 278
446 567
144 769
862 127
747 575
494 803
724 388
925 955
145 361
218 801
157 950
377 128
298 670
378 683
625 602
74 160
844 956
828 25
740 893
361 660
434 728
76 953
130 225
484 165
695 274
266 993
883 424
554 648
940 865
337 316
64 660
399 572
295 511
544 452
281 149
46 663
488 975
286 134
719 884
858 339
278 634
561 126
229 472
565 542
750 349
946 174
379 404
659 582
987 213
950 475
128 14
613 179
82 701
94 760
223 423
941 525
601 708
87 189
34 811
381 590
285 154
878 11
259 611
242 281
119 125
820 128
839 356
15 166
231 242
442 970
941 639
507 884
695 881
493 825
166 97
556 537
781 444
69 634
655 487
895 546
930 674
553 293
572 357
258 253
151 301
518 903
98 508
61 232
781 239
175 352
987 650
804 336
790 263
369 695
961 939
560 643
620 168
322 871
405 348
723 209
529 888
969 113
932 67
505 459
365 980
131 676
597 601
581 164
490 167
918 133
421 851
116 29
617 720
618 187
129 685
271 549
951 71
605 141
335 930
28 658
418 42
515 488
521 875
738 739
279 827
963 282
962 215
113 531
15 710
167 907
828 839
89 161
413 7
217 702
227 783
493 217
898 693
546 99
750 387
38 783
574 685
587 546
826 578
333 594
321 138
711 381
288 61
639 823
860 869
114 323
264 54
356 388
469 227
53 484
240 181
739 862
133 348
818 724
191 554
449 159
855 531
805 298
471 810
536 625
740 753
7 414
597 72
490 692
507 638
331 300
320 27
943 45
946 195
13 24
560 902
913 10
291 906
735 975
349 128
477 971
478 316
761 192
410 4
385 79
73 198
371 489
867 428
41 765
653 89
361 707
896 754
71 791
736 497
342 878
900 566
542 607
706 997
671 885
653 170
547 443
987 544
440 797
239 407
206 324
387 554
689 158
248 58
448 524
620 946
141 487
791 429
542 525
339 466
196 457
487 762
915 669
552 289
393 623
689 120
357 218
765 205
509 911
807 948
723 297
318 719
452 369
290 116
422 665
574 218
155 830
997 27
608 108
807 270
129 931
829 818
871 647
379 205
17 962
309 170
48 652
378 399
380 209
6 277
826 614
873 408
575 97
392 24
449 89
730 250
950 975
754 196
611 341
540 847
333 967
339 630
446 318
605 879
342 895
199 34
443 532
327 931
429 543
70 789
805 462
685 990
83 746
946 276
827 763
465 862
448 172
383 184
719 430
352 328
575 906
157 977
838 40
608 633
554 627
283 435
667 176
919 204
250 458
698 614
680 37
572 115
420 480
64 282
961 524
157 755
83 340
987 524
976 841
311 78
774 610
701 706
885 357
408 279
853 903
896 508
309 601
332 718
150 315
23 555
11 995
73 318
348 352
876 897
336 664
140 596
343 447
788 280
241 541
205 442
503 686
426 441
104 787
360 445
12 542
586 631
572 550
99 536
461 225
214 315
845 123
169 746
497 213
924 590
910 521
711 478
916 410
95 765
483 151
854 378
622 134
215 820
143 11
973 360
561 622
349 63
365 248
425 163
781 518
70 599
316 424
895 521
368 2
223 479
832 401
252 908
164 510
938 773
478 218
135 758
31 622
736 748
95 343
64 41
212 81
784 818
892 691
17 165
644 838
848 681
936 229
447 847
880 794
194 44
837 196
14 997
438 817
314 771
758 846
262 483
10 606
750 846
72 849
738 362
789 274
827 195
511 426
650 584
478 673
273 699
67 726
158 803
968 363
491 566
148 539
105 825
393 626
853 780
75 717
694 256
915 725
981 848
817 203
995 290
340 800
76 638
430 820
851 404
928 695
176 172
165 622
217 560
125 135
76 461
446 570
777 950
65 612
157 140
547 796
159 578
387 572
293 604
539 924
797 476
125 351
690 780
450 41
712 300
397 730
574 694
997 309
275 159
965 247
668 478
394 563
951 749
489 887
623 316
630 530
761 751
315 427
34 637
661 704
683 776
960 691
333 911
670 534
657 885
307 12
109 872
401 55
368 46
577 190
249 285
412 337
696 348
805 390
899 833
296 170
558 582
818 787
713 44
890 480
288 478
714 383
758 25
652 398
46 133
508 796
35 404
346 693
628 573
800 488
822 917
771 185
300 903
943 991
788 924
440 770
771 198
404 933
23 909
997 546
916 550
70 755
438 140
538 118
315 435
188 931
580 493
653 359
529 921
36 383
348 185
958 441
277 115
408 254
427 810
466 844
358 326
896 339
812 370
71 935
699 134
332 613
471 18
298 486
6 125
246 790
816 41
812 414
747 515
416 423
453 884
590 79
538 554
647 508
190 377
321 510
894 705
848 489
422 348
719 542
541 261
194 151
195 338
893 279
142 879
569 449
539 745
117 781
191 230
397 611
697 101
915 26
610 670
475 104
137 190
998 845
125 18
750 226
716 22
166 51
938 40
631 165
618 816
912 643
644 218
482 111
982 288
750 704
769 835
240 5
527 828
341 265
658 189
638 943
153 515
452 521
490 708
843 328
42 515
540 296
743 499
447 822
602 529
152 781
201 920
97 223
349 417
193 259
377 94
50 894
657 302
55 243
224 181
136 875
289 527
594 786
576 265
614 126
162 358
570 347
552 290
58 439
479 677
997 824
10 306
620 593
15 519
309 358
645 467
888 590
164 161
718 109
603 504
789 782
403 191
333 386
25 625
764 874
255 15
459 372
242 124
460 11
171 184
906 189
726 298
180 442
753 328
76 251
702 259
523 444
204 767
433 994
747 922
502 852
564 215
172 971
610 533
611 340
593 321
96 999
892 347
485 795
951 774
933 823
408 958
432 536
472 5
861 565
218 553
455 324
937 221
5 757
243 918
640 956
236 437
308 602
574 277
960 409
743 390
834 510
966 227
87 910
679 714
205 787
766 588
567 613
144 197
827 984
79 959
889 7
27 784
504 227
68 428
823 268
270 278
101 548
541 775
391 160
710 902
837 178
542 735
961 700
676 240
343 344
27 674
418 881
956 497
758 525
897 741
709 199
145 632
379 931
860 85
970 565
226 584
599 760
232 474
910 893
845 381
826 84
718 222
920 145
115 7
391 868
932 600
755 87
42 726
722 372
228 253
599 990
103 687
911 450
932 943
215 686
7 933
199 445
897 385
238 29
55 953
518 51
183 26
375 156
622 135
398 461
825 103
365 102
661 457
720 123
739 937
670 281
557 767
755 403
973 504
430 908
542 343
29 288
485 686
895 699
125 663
700 955
406 714
407 359
726 899
268 559
933 811
237 334
493 740
874 885
821 550
393 535
19 468
792 459
288 986
832 257
374 408
106 554
359 332
452 562
535 329
494 801
707 590
213 903
969 377
531 478
58 952
610 125
114 654
871 326
605 310
54 548
515 50
562 75
292 242
197 36
111 546
221 190
115 935
315 57
173 59
301 6
174 236
641 745
714 481
6 997
911 96
71 813
864 77
775 947
816 288
979 876
676 820
606 589
378 20
206 95
337 220
301 953
931 350
883 121
441 206
82 296
48 408
454 161
52 496
842 766
848 383
258 927
745 9
964 301
363 890
492 542
313 117
186 749
314 422
722 491
834 721
411 512
698 134
886 164
592 771
423 670
939 118
868 80
704 913
160 895
109 436
40 709
593 495
367 524
464 293
70 545
566 442
200 767
761 750
52 542
840 38
598 11
213 103
967 194
701 498
424 322
881 910
480 292
217 141
575 717
146 243
62 295
766 859
782 28
605 575
622 735
155 30
666 632
347 911
260 782
118 78
688 961
339 783
451 841
623 755
224 477
731 53
539 150
888 564
300 610
326 138
40 63
573 139
926 837
288 701
823 455
92 371
827 768
205 940
206 511
813 301
586 307
818 197
747 41
675 340
383 301
684 542
187 30
188 973
887 845
918 155
277 1
353 891
907 150
12 370
309 656
36 376
148 274
96 195
25 201
816 204
28 964
909 589
569 516
896 340
681 96
522 434
975 764
353 581
872 691
535 389
529 698
180 530
991 327
665 394
525 910
973 124
423 31
206 853
733 604
663 881
940 282
483 321
393 41
582 867
345 352
643 969
744 58
797 80
377 951
801 21
125 164
397 610
739 993
744 73
1000 467
67 206
126 933
280 219
159 316
792 511
687 758
734 695
790 741
631 85
152 973
13 820
410 962
769 834
773 778
852 789
395 764
696 377
311 416
239 937
408 833
889 264
636 531
838 819
409 975
832 248
10 876
706 705
804 374
239 691
810 547
280 554
448 864
520 916
633 109
965 86
426 798
278 855
82 172
615 26
852 312
213 606
698 930
693 749
272 491
578 831
10 307
160 652
660 853
487 581
272 634
515 454
440 774
616 36
807 38
172 227
194 935
546 304
528 422
250 987
90 884
401 775
937 981
721 958
724 711
253 377
806 753
437 114
313 60
882 958
121 991
816 635
972 856
39 115
830 330
298 955
137 511
726 299
998 524
341 775
911 143
364 680
208 964
927 657
90 424
532 327
337 627
220 827
958 121
744 933
800 887
222 308
743 798
961 420
635 241
929 710
1 903
91 703
773 99
529 361
58 835
166 318
557 967
191 729
378 944
22 654
671 946
484 680
966 224
161 783
610 86
832 196
249 54
321 577
287 316
750 238
990 373
930 970
260 740
727 866
197 79
793 840
945 133
763 666
567 778
953 658
24 355
277 200
280 804
903 260
320 372
246 486
141 666
426 532
353 540
375 603
348 770
954 14
607 840
208 356
764 937
727 279
676 759
950 498
510 549
183 449
367 164
8 603
708 160
198 978
533 443
270 917
21 663
177 953
752 847
275 20
596 944
498 247
337 691
393 97
711 545
413 382
213 224
458 601
759 188
758 487
14 226
665 958
481 537
62 46
446 329
255 294
734 764
95 34
498 552
652 823
804 970
623 504
109 813
194 955
353 432
351 197
736 811
299 950
672 76
730 510
787 877
377 427
644 945
396 911
645 408
570 695
305 791
913 976
787 587
352 342
443 897
157 947
136 293
583 333
834 388
612 709
22 71
795 325
944 569
743 139
759 918
6 74
206 275
44 410
743 24
799 282
483 795
780 245
99 561
968 365
901 839
133 953
778 92
945 899
590 855
132 559
479 764
978 205
764 606
712 993
830 936
901 633
349 940
171 340
64 804
229 86
656 728
823 836
609 728
114 150
242 931
561 861
751 25
690 955
587 989
3 976
488 398
974 722
972 864
539 783
901 428
388 241
928 262
782 417
90 497
51 687
954 614
973 266
260 459
354 442
118 387
791 514
186 959
575 443
862 846
854 102
621 425
769 782
327 34
610 986
386 528
80 485
977 617
389 907
674 587
94 202
632 961
616 326
730 466
144 977
334 763
878 586
603 117
680 818
847 686
596 366
466 375
446 929
736 504
785 233
606 67
98 362
745 765
636 750
399 974
550 698
314 690
477 134
853 603
145 686
468 447
162 638
608 658
914 689
855 188
686 53
64 324
876 359
44 269
634 733
708 292
121 390
680 10
609 425
438 61
332 528
495 196
769 217
572 650
719 853
244 363
104 734
674 342
68 953
237 542
577 646
618 334
590 34
148 113
495 410
615 437
928 725
357 389
111 443
513 77
16 675
860 316
954 937
593 159
833 680
588 696
450 152
507 489
414 871
309 83
419 655
518 105
189 573
815 729
444 432
674 171
843 544
254 753
241 150
869 284
18 138
322 113
420 710
534 84
574 803
920 646
155 659
213 393
252 353
252 355
532 275
809 754
921 145
948 195
435 48
977 999
208 662
118 137
672 5
431 36
142 169
271 463
114 380
173 557
526 83
142 344
623 673
58 799
120 588
890 48
139 754
175 144
952 595
809 78
301 303
180 138
157 970
66 673
395 989
705 286
102 334
728 643
326 774
679 774
539 453
398 427
524 965
296 529
157 748
838 237
508 512
749 958
625 752
610 260
348 258
979 969
984 625
549 487
55 98
461 775
724 883
653 393
306 564
903 205
580 338
655 243
291 297
370 488
188 679
7 157
336 477
113 362
394 181
223 576
802 393
18 408
739 574
242 122
583 625
323 263
640 451
604 908
385 288
953 124
217 209
996 38
651 709
765 767
659 206
53 291
865 997
863 278
925 367
820 123
696 73
648 812
740 434
672 178
449 207
986 798
109 157
832 392
338 583
109 814
93 425
40 843
647 836
588 860
791 921
615 629
549 71
92 534
348 648
439 355
80 858
840 752
736 545
166 616
760 423
676 392
766 733
93 109
776 539
483 913
458 837
266 969
233 378
784 6
412 863
732 836
704 662
187 89
962 961
689 191
887 820
15 839
839 689
453 502
914 776
190 826
867 824
934 957
736 680
193 985
550 831
882 340
158 131
832 560
10 212
284 923
637 291
910 835
413 825
882 844
270 674
900 285
920 147
632 157
445 648
599 875
324 283
988 802
972 671
862 29
235 57
932 937
60 912
629 617
258 808
333 420
9 374
7 935
781 976
858 197
90 107
440 86
85 436
224 438
19 26
459 227
962 214
467 748
659 234
381 666
460 846
422 68
423 917
670 430
322 296
949 381
493 849
39 709
591 936
355 176
302 393
78 519
498 220
644 156
493 738
909 288
761 562
388 338
523 777
47 191
729 12
251 464
625 227
901 289
135 680
456 567
256 915
904 799
688 950
853 356
601 507
602 548
948 584
753 656
663 231
900 747
23 132
339 49
528 298
201 109
202 505
75 637
616 807
50 181
254 429
68 273
784 98
324 187
441 385
663 314
41 607
862 319
853 920
345 989
942 82
698 859
277 92
28 994
56 663
794 345
334 150
542 987
564 823
462 983
771 683
920 239
46 629
694 33
328 890
762 566
232 214
551 889
772 634
538 580
825 738
636 359
599 109
980 977
506 652
147 252
704 915
202 682
265 73
640 395
971 347
447 845
646 369
734 590
795 966
423 953
501 425
728 483
514 934
195 550
165 194
744 781
986 982
57 570
230 955
322 558
188 395
255 291
853 407
486 736
808 264
3 38
960 451
541 570
304 615
991 213
754 719
169 323
636 751
32 581
221 111
224 317
192 283
402 238
559 296
756 843
357 960
908 464
794 258
288 925
642 36
71 157
353 889
585 54
695 41
684 318
758 587
486 270
117 686
594 79
124 258
234 334
987 132
521 760
685 821
64 769
746 293
621 951
582 583
986 340
823 683
773 402
975 540
617 16
254 615
57 41
346 374
392 258
604 937
366 396
223 269
207 904
123 169
968 548
362 694
95 251
578 447
491 348
946 699
624 545
242 392
728 511
194 295
923 830
199 58
679 364
574 2
630 345
100 909
193 229
52 808
471 806
387 197
228 787
710 477
383 143
758 457
984 54
714 867
342 672
705 233
469 695
22 180
395 988
487 50
698 735
329 80
936 72
149 677
540 346
779 562
796 972
504 202
302 125
711 279
552 120
741 876
978 334
170 787
162 804
487 272
110 821
419 48
934 721
889 842
858 827
698 928
515 298
239 822
386 458
524 733
677 920
180 978
625 977
992 60
439 883
8 835
371 41
459 606
698 517
306 644
73 663
805 686
372 389
106 361
437 207
755 124
977 458
650 496
725 796
926 29
103 644
381 290
960 62
259 880
224 611
426 227
177 915
878 229
800 573
313 179
460 6
647 370
704 940
997 249
726 297
964 502
342 38
140 136
682 835
384 642
276 912
425 314
744 24
963 822
947 605
530 399
159 805
256 588
479 24
209 556
392 28
29 345
743 435
331 17
313 510
721 393
829 926
597 278
725 449
374 145
1000 320
817 958
431 74
816 786
85 499
288 315
587 433
143 759
899 781
826 823
750 1
443 665
647 839
209 863
451 882
805 91
934 817
826 934
369 529
887 755
718 666
123 622
930 968
309 251
277 387
945 473
908 811
241 157
330 287
956 63
188 145
5 805
28 586
37 404
884 777
94 580
693 813
805 927
55 208
847 52
25 101
98 629
634 675
799 177
968 371
692 316
568 781
827 40
576 360
63 586
859 763
932 357
435 903
275 602
21 66
498 305
79 508
63 987
907 33
466 787
251 619
479 736
984 876
548 341
436 719
453 535
220 294
524 302
834 992
530 815
927 819
916 64
859 244
573 855
423 80
963 103
693 274
768 119
508 88
458 869
459 388
422 264
859 549
536 66
833 512
81 283
501 690
906 348
764 248
13 694
825 100
275 135
848 67
855 575
264 916
561 610
800 806
679 930
53 262
720 13
472 198
199 109
294 899
196 405
687 680
174 597
855 614
238 604
611 450
95 189
478 79
702 663
734 284
294 877
390 876
79 275
804 682
550 434
373 93
302 219
123 522
273 311
499 124
611 817
353 1
463 567
925 807
801 889
108 361
734 201
227 905
67 956
747 78
89 936
608 648
880 877
797 477
239 602
420 256
426 837
867 633
172 353
619 8
750 850
612 855
171 539
334 501
122 144
889 770
84 740
125 304
162 314
269 630
419 345
168 599
980 542
469 173
987 266
509 962
634 921
750 543
160 975
23 609
388 376
940 19
674 419
12 574
676 533
570 112
937 787
350 760
295 169
431 601
893 158
163 523
954 770
653 275
318 485
517 506
324 384
199 418
518 18
612 457
924 989
513 690
76 62
824 72
833 270
653 539
63 929
787 173
919 440
544 438
268 718
515 599
734 361
536 538
151 131
977 760
467 342
395 725
69 502
911 645
184 436
872 566
123 752
369 584
278 258
601 421
183 401
287 464
749 348
810 263
59 401
194 913
444 237
198 68
532 812
754 716
24 935
740 911
463 32
891 557
126 298
589 946
205 937
26 108
28 690
160 582
935 795
862 265
421 973
429 434
413 557
400 696
555 780
422 773
821 645
595 127
188 959
797 967
980 451
933 475
699 45
239 348
702 860
538 997
447 291
818 437
276 441
224 890
81 167
873 387
311 310
509 712
882 290
241 426
702 521
744 287
85 521
102 601
493 212
424 997
150 803
941 620
266 292
30 277
392 350
930 287
186 639
25 699
925 24
345 150
823 726
492 291
754 74
627 744
278 931
761 798
997 422
63 38
786 849
859 397
915 399
265 251
97 196
338 840
763 105
807 826
922 544
78 850
501 317
382 528
900 511
498 705
231 501
951 988
277 765
343 780
804 738
571 745
165 936
956 933
60 82
154 411
452 644
809 221
166 578
794 171
580 664
672 707
914 512
936 216
700 17
6 646
922 23
852 468
358 181
892 981
689 145
893 657
913 585
552 407
699 472
257 45
119 809
831 781
327 860
129 107
559 557
798 303
716 908
828 514
978 147
689 460
536 329
884 281
940 219
579 301
724 216
363 950
806 756
256 176
940 362
959 478
446 231
998 432
226 684
513 984
711 37
94 693
836 707
266 293
962 321
321 335
820 807
640 453
947 249
147 55
886 544
428 692
437 642
185 345
403 270
962 99
1000 306
565 134
277 974
204 226
666 81
825 272
990 828
655 10
208 628
891 937
97 940
414 764
278 347
583 68
344 195
837 488
348 539
38 379
204 599
904 869
924 376
325 229
681 85
844 519
866 971
4 462
408 719
212 734
706 544
377 238
641 999
145 934
886 313
248 864
433 29
126 354
932 49
2 42
221 86
791 238
885 255
478 575
45 904
687 297
325 424
254 6
366 700
75 689
576 506
462 211
637 735
475 324
981 99
101 258
449 801
250 792
253 71
56 765
181 512
515 406
8 864
813 165
870 478
86 553
107 526
327 977
954 13
817 307
952 855
393 493
953 339
368 925
789 957
186 354
423 83
778 174
618 289
871 593
394 343
416 483
101 147
306 907
971 595
954 879
65 524
958 647
53 539
163 767
826 293
55 949
247 429
213 365
161 386
949 89
810 358
330 523
709 937
258 555
568 195
94 435
646 282
212 666
624 618
240 355
27 263
823 811
507 991
147 670
33 361
777 315
304 799
265 751
910 249
736 882
308 651
95 205
886 200
343 839
804 683
165 927
134 906
672 301
140 211
17 152
630 124
540 364
357 405
883 656
32 868
44 518
652 197
763 714
984 269
823 364
296 84
554 739
738 260
297 602
281 125
671 840
430 862
139 248
571 221
185 906
202 552
131 620
249 84
672 856
177 286
333 147
832 542
485 40
15 261
519 59
635 748
229 83
345 622
567 303
806 685
347 136
648 731
779 231
841 323
495 353
839 759
212 873
945 588
51 557
307 599
234 669
454 730
766 601
781 835
963 864
341 828
995 339
902 781
263 571
320 585
213 498
126 909
911 113
659 8
649 34
502 912
88 836
86 211
678 951
754 265
810 247
403 695
665 776
431 7
835 600
178 220
895 953
1 893
553 440
661 941
425 973
482 166
574 9
330 114
883 617
61 226
887 698
395 946
568 650
411 681
222 847
605 278
455 959
495 626
942 55
185 481
729 554
291 67
828 426
25 435
996 853
965 15
219 997
590 660
992 163
431 321
576 290
480 503
375 766
134 474
197 806
258 682
650 760
56 693
971 992
101 171
310 710
508 163
163 968
538 644
760 780
246 875
466 619
531 565
676 522
433 78
309 47
96 404
759 555
560 35
445 575
450 151
693 329
821 388
436 934
46 470
816 780
247 484
229 809
581 516
358 903
90 33
792 293
137 841
209 437
636 500
947 579
437 685
720 71
612 52
561 681
855 971
434 485
159 976
308 446
759 111
890 490
670 484
680 612
772 412
848 810
502 948
155 434
709 999
765 939
326 441
666 554
867 103
762 915
230 933
583 99
126 538
667 396
151 23
210 561
966 248
805 529
951 588
473 565
202 93
809 179
791 999
766 496
409 349
391 405
583 129
186 163
685 433
5 975
69 156
715 946
883 584
439 62
280 605
867 547
652 818
625 757
20 551
130 163
751 419
757 275
568 883
97 301
685 228
64 722
873 348
603 615
50 605
642 185
96 227
849 475
81 881
558 509
392 740
559 556
284 946
964 60
766 96
626 8
886 868
309 353
515 458
689 451
817 278
676 735
42 767
538 664
410 791
531 593
732 342
642 586
114 221
556 4
793 462
935 722
753 498
54 505
846 837
318 418
212 929
12 805
752 694
15 454
61 644
483 206
670 294
468 634
843 862
386 880
113 125
260 398
284 20
492 301
317 476
928 47
86 811
820 501
734 663
517 435
193 378
762 836
653 691
981 38
433 592
86 625
201 716
922 692
575 722
118 27
51 68
602 732
472 441
390 251
218 677
148 956
531 334
442 593
248 416
308 605
325 228
108 244
532 886
75 965
24 881
706 545
945 479
799 524
682 302
145 279
183 891
149 711
296 901
371 459
558 861
943 813
927 360
896 724
142 695
112 477
997 532
272 301
348 88
500 899
447 644
874 240
861 406
37 756
520 658
405 112
444 730
671 117
695 19
589 556
629 795
957 788
707 929
272 602
935 657
721 781
480 669
959 446
872 655
245 915
472 665
251 730
968 162
247 376
609 688
702 631
397 252
868 859
161 167
778 385
797 99
907 751
530 606
103 904
234 713
952 500
934 260
384 608
955 763
725 641
856 592
403 16
534 829
96 809
673 223
584 558
658 333
640 704
61 906
582 777
101 653
160 421
786 41
736 900
610 933
536 512
813 768
463 955
285 755
217 293
365 745
286 787
87 320
658 254
622 695
94 12
60 164
799 595
541 239
487 231
786 346
550 259
98 322
1 419
47 523
373 381
728 868
453 181
945 165
358 114
180 886
399 660
441 390
45 124
324 53
931 103
314 111
442 24
493 31
818 399
858 608
141 698
626 708
1 111
242 765
171 315
194 632
254 876
718 63
190 500
392 523
433 119
764 68
531 536
661 165
494 78
167 924
111 876
63 223
963 69
537 985
639 469
497 235
205 186
525 839
262 722
547 608
696 806
143 117
990 784
517 856
76 56
351 502
726 198
928 137
506 365
894 792
757 756
108 376
901 219
425 18
86 323
296 257
80 616
136 426
505 141
160 304
570 617
457 274
554 128
554 402
333 623
205 666
141 56
342 667
274 731
793 633
887 693
913 944
382 454
383 458
476 312
353 35
61 338
357 747
505 344
589 944
143 892
844 991
575 857
106 188
876 328
235 336
491 512
844 814
59 238
419 383
376 90
451 392
508 623
35 73
37 571
791 390
940 828
558 119
901 815
215 336
297 863
171 662
873 496
447 301
139 116
779 463
861 758
484 294
196 242
289 816
826 9
150 711
10 122
820 559
264 171
271 881
533 398
773 415
115 371
195 459
472 580
615 516
471 805
38 951
555 347
539 894
332 208
19 412
685 724
544 552
742 911
726 256
727 57
952 613
185 466
977 798
86 18
379 4
160 695
381 750
661 524
644 54
787 90
169 855
117 553
375 353
433 730
427 595
184 372
867 25
958 416
687 866
869 587
981 1
820 385
895 854
311 526
661 863
611 28
924 487
763 329
602 761
627 806
117 508
120 592
728 143
503 739
89 347
790 331
375 937
888 597
960 34
887 665
451 697
932 136
827 946
391 293
586 55
257 769
184 799
566 1000
870 839
769 412
525 897
287 101
655 630
555 989
476 34
59 10
131 649
46 500
949 749
159 391
55 126
900 851
262 316
963 449
139 3
128 505
1 38
920 268
918 811
150 385
102 910
432 230
628 66
3 737
81 129
519 167
879 435
649 535
662 415
8 932
464 166
119 510
689 339
547 845
95 625
742 984
949 210
972 853
306 535
261 48
506 707
227 514
164 781
200 606
864 549
204 62
830 478
372 836
339 194
378 505
557 422
824 147
431 546
242 344
8 480
651 598
838 980
324 886
695 769
293 449
720 562
424 368
21 818
354 209
846 987
804 979
381 980
240 200
592 381
209 707
451 998
268 656
700 755
347 861
795 161
8 173
355 374
285 671
75 887
222 234
62 627
84 15
904 758
136 576
799 527
433 130
857 386
917 592
330 282
227 622
728 905
395 842
148 514
867 606
392 980
136 958
671 854
893 706
784 122
399 691
720 888
28 875
710 779
905 203
606 712
764 704
945 922
103 374
196 20
531 981
794 536
370 483
177 846
160 685
312 472
275 716
59 869
759 972
150 136
400 565
774 161
872 287
745 23
764 789
447 91
105 368
582 642
534 609
579 408
906 200
319 925
750 467
18 504
826 291
310 624
461 508
998 557
215 717
519 874
510 923
703 72
355 982
119 145
691 528
618 592
801 208
363 579
15 74
808 724
19 143
609 883
4 985
830 69
317 377
271 773
18 45
604 825
818 516
411 23
700 663
115 781
921 678
944 833
90 764
344 161
951 518
58 979
679 535
305 194
814 266
862 502
3 95
369 643
66 241
174 20
231 29
325 104
75 625
404 537
89 16
505 300
969 93
453 180
554 737
956 333
279 472
900 905
624 357
419 205
746 920
139 250
537 419
24 266
277 88
319 509
118 265
917 40
974 59
319 322
766 185
163 814
517 643
818 711
977 390
134 93
483 589
565 663
305 536
1 122
123 138
354 738
265 147
284 665
86 789
452 455
698 411
238 80
954 769
264 853
742 992
946 945
543 721
540 633
777 153
817 648
402 350
765 306
696 807
735 398
186 969
545 6
229 533
431 297
273 827
237 10
905 142
161 654
492 216
645 180
811 340
485 861
969 940
843 71
260 869
99 215
467 347
31 698
490 679
588 785
809 964
131 208
615 552
725 216
213 820
457 482
444 232
266 728
283 298
250 299
14 686
383 501
847 346
649 589
118 866
344 987
328 480
257 804
368 914
944 33
182 590
658 532
127 833
720 945
72 256
757 506
6 552
867 662
590 842
841 55
241 867
93 962
577 541
111 97
410 492
874 201
966 745
381 71
571 251
37 651
77 334
738 520
758 591
79 861
694 231
275 663
112 851
922 498
603 315
380 880
879 414
148 126
77 176
233 882
694 1
200 325
128 482
80 874
773 414
149 404
706 397
266 336
565 796
214 378
157 506
265 348
534 553
994 982
150 806
1000 59
531 789
716 303
207 916
389 167
38 150
743 983
545 34
312 955
277 951
267 563
389 857
504 675
925 311
584 615
695 941
297 58
812 911
433 554
714 909
735 17
368 65
405 646
408 984
174 771
472 996
736 828
147 585
42 497
944 777
396 152
658 199
849 908
847 649
259 144
45 767
580 751
563 126
473 676
629 449
443 972
527 584
61 134
908 97
789 736
692 696
969 927
382 34
755 516
148 478
462 250
750 777
68 480
453 285
239 268
385 21
194 671
432 8
716 824
54 947
423 330
337 141
764 556
214 565
215 228
36 489
42 618
479 563
17 937
957 895
854 517
860 366
972 624
440 353
447 38
641 151
181 214
110 228
679 200
337 824
948 108
824 438
364 535
717 21
170 232
996 92
246 535
800 687
104 108
892 29
587 617
114 445
705 742
916 642
281 770
891 223
138 925
787 8
40 643
312 1000
852 738
584 564
15 230
769 902
242 424
652 856
338 811
673 354
412 498
549 671
255 690
146 162
94 244
960 754
647 818
541 299
209 706
429 529
545 808
625 250
256 797
921 713
683 998
922 690
43 583
924 452
215 442
277 962
735 922
117 479
120 621
173 413
122 455
839 872
576 160
285 904
705 332
936 965
728 27
31 912
987 870
895 81
700 65
884 742
520 807
316 346
177 132
801 962
566 64
993 58
261 812
154 156
464 592
804 118
698 977
723 126
962 986
619 433
729 657
15 834
244 394
120 152
788 689
885 399
758 308
147 408
475 103
741 320
372 485
144 947
916 76
220 721
148 54
158 139
702 452
158 282
750 464
699 530
243 398
940 472
962 160
446 17
408 114
708 979
359 897
514 1000
154 538
644 379
497 440
207 765
915 574
800 937
765 527
144 717
973 578
977 519
673 270
857 217
730 329
716 164
477 760
247 786
914 131
420 840
98 126
184 579
728 217
580 829
374 258
568 753
934 928
743 304
247 673
340 261
554 607
3 239
45 856
802 693
840 608
839 626
468 874
886 27
442 196
499 269
547 379
220 113
397 129
870 159
658 723
897 905
770 441
864 68
132 898
645 983
751 473
932 645
367 480
922 415
707 927
979 738
939 706
702 646
439 548
62 567
73 572
369 341
941 755
949 152
876 968
608 278
845 23
578 690
9 149
318 489
379 141
295 940
542 408
894 911
95 878
575 80
606 505
32 432
296 955
672 848
446 367
765 531
79 976
769 974
140 95
863 506
169 138
460 447
652 721
249 436
527 179
749 511
74 265
270 320
377 970
791 766
388 307
835 746
105 969
252 936
165 47
437 778
277 741
938 737
740 597
430 445
736 640
164 361
554 785
810 423
334 537
909 49
303 806
843 447
197 112
469 763
532 927
149 765
331 758
541 855
157 770
999 63
605 132
932 116
285 157
689 873
579 255
743 892
400 700
368 398
405 69
673 733
304 88
267 44
15 954
12 62
182 153
746 12
943 682
290 246
76 523
856 637
485 73
275 263
3 788
561 312
741 408
814 556
584 93
452 405
536 480
684 232
133 894
206 860
102 605
565 795
68 837
18 430
535 887
96 518
761 960
121 374
191 153
234 764
682 872
742 540
216 506
513 658
425 338
722 744
100 852
51 296
344 350
824 104
115 863
900 197
832 192
69 692
714 571
507 811
92 891
19 311
38 113
544 470
212 332
51 198
182 876
865 558
166 277
286 990
711 43
978 918
689 713
389 859
967 338
606 150
383 27
311 302
538 414
956 929
403 803
344 777
572 241
594 601
305 930
213 553
567 910
643 70
537 719
118 766
139 295
33 824
88 445
641 697
433 766
7 356
745 325
87 713
607 703
206 252
176 120
794 282
695 8
290 813
625 980
78 58
965 328
906 865
729 854
362 873
10 141
124 291
713 458
897 147
93 632
920 44
261 284
449 532
417 118
111 148
242 997
543 283
932 684
87 143
795 239
177 335
497 177
151 658
617 128
494 358
891 222
393 223
123 72
485 545
310 692
540 721
522 868
616 421
798 649
108 307
968 724
844 127
170 410
208 729
636 249
963 603
913 306
870 735
423 717
619 598
800 108
313 460
435 131
916 946
316 134
388 267
65 386
429 929
929 569
655 453
911 761
577 495
933 482
739 303
117 79
689 582
76 426
639 95
771 249
941 185
301 26
147 228
896 582
316 115
257 156
700 160
338 33
799 188
512 918
469 917
1 151
646 545
956 393
260 405
318 950
267 116
984 962
270 821
885 643
681 120
495 250
668 920
206 75
686 337
754 670
659 711
376 259
572 584
462 352
889 564
715 351
952 635
389 331
559 803
695 419
868 981
194 164
376 703
716 737
163 739
80 67
885 962
299 483
392 223
660 936
440 203
170 92
653 29
544 705
392 174
415 882
108 640
803 928
492 359
494 493
118 297
725 383
210 767
490 832
678 911
865 884
368 428
562 940
598 86
411 120
655 405
566 752
60 321
47 69
808 387
681 155
554 171
134 516
477 81
575 755
501 98
653 805
446 573
213 798
969 656
817 659
473 961
814 264
767 296
349 223
250 388
292 97
175 414
171 880
93 6
732 937
641 624
326 832
292 240
315 49
353 998
816 506
173 51
908 42
624 359
555 807
480 815
741 560
121 499
222 659
709 163
582 435
978 196
814 515
980 650
548 374
534 289
636 39
7 227
814 529
842 161
158 85
142 638
312 357
591 417
82 691
195 464
219 502
46 466
981 566
565 951
146 295
203 858
511 733
648 573
947 619
529 528
623 214
754 35
901 38
961 347
655 203
539 546
669 955
484 679
531 70
697 306
146 88
972 204
424 330
332 371
502 7
17 461
476 614
565 412
40 777
79 680
80 762
254 159
156 679
150 273
714 841
883 850
131 99
630 45
758 22
540 221
689 573
391 429
943 362
274 617
210 875
467 40
639 134
552 130
805 880
944 732
718 371
174 161
123 779
726 161
876 474
200 924
223 80
928 927
581 59
548 201
785 745
153 92
512 717
713 348
570 319
163 895
883 172
223 695
98 792
120 320
176 242
674 337
323 101
271 717
219 52
202 810
426 358
964 250
513 70
976 792
224 605
152 490
486 296
216 733
363 862
18 431
788 63
304 795
428 574
808 880
463 573
904 306
172 714
138 630
674 900
769 952
221 999
912 447
151 988
958 468
464 371
545 145
564 107
198 473
627 525
978 885
800 65
673 309
623 569
825 498
520 64
281 427
571 895
776 185
796 804
191 818
364 294
520 190
723 921
157 963
361 568
917 569
576 245
978 697
904 684
173 345
728 944
965 973
685 318
761 40
724 164
525 405
227 643
362 37
222 585
392 906
373 419
448 518
694 423
989 249
846 354
708 263
896 409
56 742
608 915
315 327
798 272
487 637
326 709
992 417
154 634
506 893
651 965
971 733
663 975
190 435
910 904
614 696
596 147
519 140
554 965
547 735
533 272
242 117
212 941
322 61
506 718
146 367
256 467
510 866
632 580
635 871
835 361
837 795
575 622
57 809
385 866
26 856
557 652
949 340
363 489
787 123
200 831
476 776
406 43
223 13
977 537
356 418
229 700
360 549
311 766
852 962
579 906
528 904
30 822
108 466
365 445
991 409
374 437
783 397
161 918
863 211
575 559
417 937
832 220
173 300
376 328
49 742
657 487
822 955
399 926
805 167
202 460
991 716
802 145
857 552
247 628
993 56
426 875
334 368
63 658
282 471
818 133
840 469
913 671
782 856
918 232
315 389
999 471
785 613
554 337
711 499
224 985
6 897
724 926
710 665
954 167
77 276
153 380
561 79
506 814
33 662
966 582
25 826
778 216
797 684
837 699
345 533
290 430
698 19
937 825
295 131
703 774
650 414
707 195
375 3
177 544
378 293
158 280
949 51
772 540
564 672
976 127
41 630
302 839
450 74
380 271
551 176
476 974
39 412
811 79
795 578
548 38
708 989
749 247
659 243
536 870
223 208
173 827
426 820
122 805
910 416
640 708
218 496
113 43
1000 674
13 995
785 631
899 990
496 65
740 300
354 99
943 393
710 396
235 812
715 102
454 206
596 483
899 252
634 13
389 706
750 51
164 198
330 170
793 530
810 592
905 192
391 473
250 389
714 52
552 167
595 267
540 408
248 158
49 403
124 817
560 854
126 131
571 498
748 992
847 97
244 202
462 129
742 418
463 360
140 957
508 583
382 120
168 462
614 263
137 897
979 902
358 449
691 364
666 196
210 200
266 246
675 110
1 99
112 810
404 88
423 268
741 273
297 904
30 624
830 26
881 918
465 175
402 279
94 195
298 857
951 855
467 962
233 804
881 752
717 74
224 545
981 565
301 739
87 182
604 988
722 627
247 396
699 673
186 980
375 488
947 667
447 201
17 674
768 486
808 691
754 179
536 834
69 57
575 419
928 252
825 356
592 169
902 544
299 637
449 136
412 308
382 766
881 141
402 382
919 295
316 216
243 112
982 653
179 80
64 869
294 643
101 943
9 561
571 707
835 778
912 349
678 372
468 91
26 199
598 575
909 128
378 722
183 959
19 838
993 503
429 986
975 48
300 776
139 138
124 964
938 497
417 556
680 374
129 400
331 982
408 646
883 318
701 625
704 411
419 550
211 765
908 301
404 124
6 216
506 870
237 534
879 411
461 206
542 841
102 704
584 95
161 242
205 782
841 624
91 113
898 537
77 62
993 669
504 889
320 797
663 822
543 705
181 5
